model,nsims,tpb,mem,pythontime,rtol,atol,mxsteps,t_end,n_steps,deterministic,vol,card
earm,10,1,0,11.6918218136,1e-06,1e-06,100,20000,20000.0,1,0,gtx980
earm,10,2,0,11.7200069427,1e-06,1e-06,100,20000,20000.0,1,0,gtx980
earm,10,4,0,11.9337980747,1e-06,1e-06,100,20000,20000.0,1,0,gtx980
earm,10,8,0,12.3690958023,1e-06,1e-06,100,20000,20000.0,1,0,gtx980
earm,10,1,1,9.29312777519,1e-06,1e-06,100,20000,20000.0,1,0,gtx980
earm,10,2,1,9.31974315643,1e-06,1e-06,100,20000,20000.0,1,0,gtx980
earm,10,4,1,9.46467995644,1e-06,1e-06,100,20000,20000.0,1,0,gtx980
earm,10,8,1,9.70230698586,1e-06,1e-06,100,20000,20000.0,1,0,gtx980
earm,10,1,2,7.94358205795,1e-06,1e-06,100,20000,20000.0,1,0,gtx980
earm,10,2,2,7.97294402122,1e-06,1e-06,100,20000,20000.0,1,0,gtx980
earm,10,4,2,8.13331794739,1e-06,1e-06,100,20000,20000.0,1,0,gtx980
earm,10,8,2,8.37643408775,1e-06,1e-06,100,20000,20000.0,1,0,gtx980
earm,100,1,0,12.5110528469,1e-06,1e-06,100,20000,20000.0,1,0,gtx980
earm,100,2,0,12.318614006,1e-06,1e-06,100,20000,20000.0,1,0,gtx980
earm,100,4,0,12.4732978344,1e-06,1e-06,100,20000,20000.0,1,0,gtx980
earm,100,8,0,12.8856270313,1e-06,1e-06,100,20000,20000.0,1,0,gtx980
earm,100,16,0,13.711466074,1e-06,1e-06,100,20000,20000.0,1,0,gtx980
earm,100,32,0,15.5400400162,1e-06,1e-06,100,20000,20000.0,1,0,gtx980
earm,100,1,1,9.98812317848,1e-06,1e-06,100,20000,20000.0,1,0,gtx980
earm,100,2,1,9.71881222725,1e-06,1e-06,100,20000,20000.0,1,0,gtx980
earm,100,4,1,9.85029196739,1e-06,1e-06,100,20000,20000.0,1,0,gtx980
earm,100,8,1,10.0526468754,1e-06,1e-06,100,20000,20000.0,1,0,gtx980
earm,100,16,1,10.5757188797,1e-06,1e-06,100,20000,20000.0,1,0,gtx980
earm,100,32,1,11.7464270592,1e-06,1e-06,100,20000,20000.0,1,0,gtx980
earm,100,1,2,8.7212998867,1e-06,1e-06,100,20000,20000.0,1,0,gtx980
earm,100,2,2,8.42285203934,1e-06,1e-06,100,20000,20000.0,1,0,gtx980
earm,100,4,2,8.57367396355,1e-06,1e-06,100,20000,20000.0,1,0,gtx980
earm,100,8,2,8.74647283554,1e-06,1e-06,100,20000,20000.0,1,0,gtx980
earm,100,16,2,9.21896100044,1e-06,1e-06,100,20000,20000.0,1,0,gtx980
earm,100,32,2,10.3639318943,1e-06,1e-06,100,20000,20000.0,1,0,gtx980
earm,1000,1,0,122.575771093,1e-06,1e-06,100,20000,20000.0,1,0,gtx980
earm,1000,2,0,64.1905698776,1e-06,1e-06,100,20000,20000.0,1,0,gtx980
earm,1000,4,0,40.6064128876,1e-06,1e-06,100,20000,20000.0,1,0,gtx980
earm,1000,8,0,30.1198041439,1e-06,1e-06,100,20000,20000.0,1,0,gtx980
earm,1000,16,0,19.0620858669,1e-06,1e-06,100,20000,20000.0,1,0,gtx980
earm,1000,32,0,20.1536319256,1e-06,1e-06,100,20000,20000.0,1,0,gtx980
earm,1000,1,1,97.9561929703,1e-06,1e-06,100,20000,20000.0,1,0,gtx980
earm,1000,2,1,50.8866500854,1e-06,1e-06,100,20000,20000.0,1,0,gtx980
earm,1000,4,1,32.4489398003,1e-06,1e-06,100,20000,20000.0,1,0,gtx980
earm,1000,8,1,24.005095005,1e-06,1e-06,100,20000,20000.0,1,0,gtx980
earm,1000,16,1,15.0672490597,1e-06,1e-06,100,20000,20000.0,1,0,gtx980
earm,1000,32,1,16.0225858688,1e-06,1e-06,100,20000,20000.0,1,0,gtx980
earm,1000,1,2,85.1864979267,1e-06,1e-06,100,20000,20000.0,1,0,gtx980
earm,1000,2,2,45.1596899033,1e-06,1e-06,100,20000,20000.0,1,0,gtx980
earm,1000,4,2,29.8385241032,1e-06,1e-06,100,20000,20000.0,1,0,gtx980
earm,1000,8,2,22.3630640507,1e-06,1e-06,100,20000,20000.0,1,0,gtx980
earm,1000,16,2,14.5144729614,1e-06,1e-06,100,20000,20000.0,1,0,gtx980
earm,1000,32,2,15.0915009975,1e-06,1e-06,100,20000,20000.0,1,0,gtx980
earm,10000,1,0,1197.39761591,1e-06,1e-06,100,20000,20000.0,1,0,gtx980
earm,10000,2,0,620.494066,1e-06,1e-06,100,20000,20000.0,1,0,gtx980
earm,10000,4,0,345.205814123,1e-06,1e-06,100,20000,20000.0,1,0,gtx980
earm,10000,8,0,208.771175861,1e-06,1e-06,100,20000,20000.0,1,0,gtx980
earm,10000,16,0,167.353805065,1e-06,1e-06,100,20000,20000.0,1,0,gtx980
earm,10000,32,0,163.508236885,1e-06,1e-06,100,20000,20000.0,1,0,gtx980
earm,10000,1,1,949.07667613,1e-06,1e-06,100,20000,20000.0,1,0,gtx980
earm,10000,2,1,494.888665915,1e-06,1e-06,100,20000,20000.0,1,0,gtx980
earm,10000,4,1,274.547553062,1e-06,1e-06,100,20000,20000.0,1,0,gtx980
earm,10000,8,1,165.514595032,1e-06,1e-06,100,20000,20000.0,1,0,gtx980
earm,10000,16,1,122.551090002,1e-06,1e-06,100,20000,20000.0,1,0,gtx980
earm,10000,32,1,123.215754986,1e-06,1e-06,100,20000,20000.0,1,0,gtx980
earm,10000,1,2,824.944972038,1e-06,1e-06,100,20000,20000.0,1,0,gtx980
earm,10000,2,2,436.223361015,1e-06,1e-06,100,20000,20000.0,1,0,gtx980
earm,10000,4,2,250.233699083,1e-06,1e-06,100,20000,20000.0,1,0,gtx980
earm,10000,8,2,159.456138849,1e-06,1e-06,100,20000,20000.0,1,0,gtx980
earm,10000,16,2,121.937386036,1e-06,1e-06,100,20000,20000.0,1,0,gtx980
earm,10000,32,2,119.992007017,1e-06,1e-06,100,20000,20000.0,1,0,gtx980
