model,nSims,tpb,mem,endTimeOfSim,rtol,atol,pysbTime,cupSODATime
earm,100,1,0,20000.0,1e-06,1e-06,19.4062230587,18.913429
earm,100,2,0,20000.0,1e-06,1e-06,19.6819159985,19.203074
earm,100,4,0,20000.0,1e-06,1e-06,22.4114949703,21.927456
earm,100,8,0,20000.0,1e-06,1e-06,28.1583328247,27.67312
earm,100,16,0,20000.0,1e-06,1e-06,37.0524590015,36.580853
earm,100,32,0,20000.0,1e-06,1e-06,53.3535327911,52.876022
earm,100,1,1,20000.0,1e-06,1e-06,15.8284511566,15.350504
earm,100,2,1,20000.0,1e-06,1e-06,16.0939750671,15.620853
earm,100,4,1,20000.0,1e-06,1e-06,17.698073864,17.211809
earm,100,8,1,20000.0,1e-06,1e-06,21.3266718388,20.861439
earm,100,16,1,20000.0,1e-06,1e-06,28.4392230511,27.958588
earm,100,32,1,20000.0,1e-06,1e-06,39.2138988972,38.743919
earm,100,1,2,20000.0,1e-06,1e-06,12.6345870495,12.134835
earm,100,2,2,20000.0,1e-06,1e-06,13.1047110558,12.622325
earm,100,4,2,20000.0,1e-06,1e-06,14.8888640404,14.404608
earm,100,8,2,20000.0,1e-06,1e-06,18.6987800598,18.213303
earm,100,16,2,20000.0,1e-06,1e-06,25.414247036,24.920286
earm,100,32,2,20000.0,1e-06,1e-06,36.4119050503,35.929478
earm,1000,1,0,20000.0,1e-06,1e-06,130.239876986,128.268723
earm,1000,2,0,20000.0,1e-06,1e-06,77.3302500248,75.395836
earm,1000,4,0,20000.0,1e-06,1e-06,47.6708011627,45.755348
earm,1000,8,0,20000.0,1e-06,1e-06,32.4587831497,30.544704
earm,1000,16,0,20000.0,1e-06,1e-06,43.6746211052,41.715549
earm,1000,32,0,20000.0,1e-06,1e-06,65.6910870075,63.754936
earm,1000,1,1,20000.0,1e-06,1e-06,106.658880949,104.710197
earm,1000,2,1,20000.0,1e-06,1e-06,63.236164093,61.28767
earm,1000,4,1,20000.0,1e-06,1e-06,37.504858017,35.562069
earm,1000,8,1,20000.0,1e-06,1e-06,42.3278028965,40.336349
earm,1000,16,1,20000.0,1e-06,1e-06,58.0757889748,56.108952
earm,1000,32,1,20000.0,1e-06,1e-06,79.5253610611,77.556404
earm,1000,1,2,20000.0,1e-06,1e-06,85.5146319866,83.560402
earm,1000,2,2,20000.0,1e-06,1e-06,52.0177299976,49.997089
earm,1000,4,2,20000.0,1e-06,1e-06,32.0111219883,30.057087
earm,1000,8,2,20000.0,1e-06,1e-06,37.2973511219,35.348904
earm,1000,16,2,20000.0,1e-06,1e-06,52.2651100159,50.319733
earm,1000,32,2,20000.0,1e-06,1e-06,74.3297998905,72.356331
earm,10000,1,0,20000.0,1e-06,1e-06,1208.82294106,1189.450317
earm,10000,2,0,20000.0,1e-06,1e-06,640.384521008,623.558655
earm,10000,4,0,20000.0,1e-06,1e-06,402.139871836,385.337463
earm,10000,8,0,20000.0,1e-06,1e-06,289.66644001,270.469574
earm,10000,16,0,20000.0,1e-06,1e-06,260.2725842,243.606232
earm,10000,32,0,20000.0,1e-06,1e-06,336.557156086,319.947479
earm,10000,1,1,20000.0,1e-06,1e-06,987.281677008,970.161438
earm,10000,2,1,20000.0,1e-06,1e-06,523.620970964,506.714752
earm,10000,4,1,20000.0,1e-06,1e-06,316.515290976,299.785065
earm,10000,8,1,20000.0,1e-06,1e-06,253.390628815,236.514832
earm,10000,16,1,20000.0,1e-06,1e-06,360.22557807,343.626495
earm,10000,32,1,20000.0,1e-06,1e-06,492.137482166,475.465759
earm,10000,1,2,20000.0,1e-06,1e-06,788.942430019,772.148254
earm,10000,2,2,20000.0,1e-06,1e-06,433.709767103,416.035736
earm,10000,4,2,20000.0,1e-06,1e-06,271.504132986,254.842377
earm,10000,8,2,20000.0,1e-06,1e-06,225.054258108,208.240616
earm,10000,16,2,20000.0,1e-06,1e-06,324.078640938,306.495117
earm,10000,32,2,20000.0,1e-06,1e-06,458.445142984,441.433441
tyson,100,1,0,100.0,1e-06,1e-06,0.730577945709,0.324296
tyson,100,2,0,100.0,1e-06,1e-06,0.743512868881,0.335896
tyson,100,4,0,100.0,1e-06,1e-06,0.788322925568,0.380411
tyson,100,8,0,100.0,1e-06,1e-06,0.888931035995,0.482794
tyson,100,16,0,100.0,1e-06,1e-06,1.04833602905,0.640473
tyson,100,32,0,100.0,1e-06,1e-06,1.33893585205,0.942689
tyson,100,64,0,100.0,1e-06,1e-06,1.32018494606,0.929928
tyson,100,1,1,100.0,1e-06,1e-06,0.683650016785,0.29423
tyson,100,2,1,100.0,1e-06,1e-06,0.694518089294,0.301635
tyson,100,4,1,100.0,1e-06,1e-06,0.731490850449,0.342178
tyson,100,8,1,100.0,1e-06,1e-06,0.834421873093,0.441309
tyson,100,16,1,100.0,1e-06,1e-06,0.971040010452,0.580299
tyson,100,32,1,100.0,1e-06,1e-06,1.24776220322,0.85576
tyson,100,64,1,100.0,1e-06,1e-06,1.25360298157,0.852725
tyson,100,1,2,100.0,1e-06,1e-06,0.649554014206,0.256624
tyson,100,2,2,100.0,1e-06,1e-06,0.671664953232,0.275953
tyson,100,4,2,100.0,1e-06,1e-06,0.717801094055,0.318607
tyson,100,8,2,100.0,1e-06,1e-06,0.812263011932,0.415504
tyson,100,16,2,100.0,1e-06,1e-06,0.953680038452,0.557387
tyson,100,32,2,100.0,1e-06,1e-06,1.22879099846,0.837609
tyson,100,64,2,100.0,1e-06,1e-06,1.23676896095,0.835087
tyson,1000,1,0,100.0,1e-06,1e-06,3.77493095398,2.198546
tyson,1000,2,0,100.0,1e-06,1e-06,2.60203886032,1.29547
tyson,1000,4,0,100.0,1e-06,1e-06,2.0661509037,0.769583
tyson,1000,8,0,100.0,1e-06,1e-06,1.8596971035,0.521819
tyson,1000,16,0,100.0,1e-06,1e-06,2.06438493729,0.722174
tyson,1000,32,0,100.0,1e-06,1e-06,2.4150390625,1.117098
tyson,1000,64,0,100.0,1e-06,1e-06,2.42889881134,1.117059
tyson,1000,1,1,100.0,1e-06,1e-06,3.29449915886,1.974801
tyson,1000,2,1,100.0,1e-06,1e-06,2.4822871685,1.164092
tyson,1000,4,1,100.0,1e-06,1e-06,2.02659416199,0.694719
tyson,1000,8,1,100.0,1e-06,1e-06,1.80376911163,0.469493
tyson,1000,16,1,100.0,1e-06,1e-06,1.96822500229,0.653827
tyson,1000,32,1,100.0,1e-06,1e-06,2.35361194611,1.02672
tyson,1000,64,1,100.0,1e-06,1e-06,2.34118485451,1.026305
tyson,1000,1,2,100.0,1e-06,1e-06,3.06240701675,1.749543
tyson,1000,2,2,100.0,1e-06,1e-06,2.3855471611,1.077593
tyson,1000,4,2,100.0,1e-06,1e-06,1.95311403275,0.649081
tyson,1000,8,2,100.0,1e-06,1e-06,1.75148797035,0.446422
tyson,1000,16,2,100.0,1e-06,1e-06,1.93867182732,0.630483
tyson,1000,32,2,100.0,1e-06,1e-06,2.31746792793,1.007742
tyson,1000,64,2,100.0,1e-06,1e-06,2.33160185814,1.007341
tyson,10000,1,0,100.0,1e-06,1e-06,30.9562511444,20.425289
tyson,10000,2,0,100.0,1e-06,1e-06,21.1953520775,10.733169
tyson,10000,4,0,100.0,1e-06,1e-06,17.0273630619,6.479623
tyson,10000,8,0,100.0,1e-06,1e-06,15.0540809631,4.558184
tyson,10000,16,0,100.0,1e-06,1e-06,14.3690500259,3.848639
tyson,10000,32,0,100.0,1e-06,1e-06,16.1080241203,5.556625
tyson,10000,64,0,100.0,1e-06,1e-06,14.2894380093,3.82001
tyson,10000,1,1,100.0,1e-06,1e-06,28.9562518597,18.408422
tyson,10000,2,1,100.0,1e-06,1e-06,20.1294071674,9.651023
tyson,10000,4,1,100.0,1e-06,1e-06,17.4281449318,5.850425
tyson,10000,8,1,100.0,1e-06,1e-06,14.5331010818,4.101032
tyson,10000,16,1,100.0,1e-06,1e-06,13.9920098782,3.5285
tyson,10000,32,1,100.0,1e-06,1e-06,15.6132521629,5.147043
tyson,10000,64,1,100.0,1e-06,1e-06,14.0306301117,3.453994
tyson,10000,1,2,100.0,1e-06,1e-06,26.6141190529,16.232531
tyson,10000,2,2,100.0,1e-06,1e-06,19.371972084,8.891886
tyson,10000,4,2,100.0,1e-06,1e-06,15.9752328396,5.481715
tyson,10000,8,2,100.0,1e-06,1e-06,14.3768310547,3.899715
tyson,10000,16,2,100.0,1e-06,1e-06,13.9668848515,3.445951
tyson,10000,32,2,100.0,1e-06,1e-06,15.6130530834,5.125623
tyson,10000,64,2,100.0,1e-06,1e-06,13.9396328926,3.434198
tyson,100000,1,0,100.0,1e-06,1e-06,310.891752005,203.530746
tyson,100000,2,0,100.0,1e-06,1e-06,227.479370117,106.210442
tyson,100000,4,0,100.0,1e-06,1e-06,164.790807009,62.350864
tyson,100000,8,0,100.0,1e-06,1e-06,144.728353024,41.722672
tyson,100000,16,0,100.0,1e-06,1e-06,138.144055128,33.079395
tyson,100000,32,0,100.0,1e-06,1e-06,150.980295181,48.011555
tyson,100000,64,0,100.0,1e-06,1e-06,141.580865145,38.218586
tyson,100000,1,1,100.0,1e-06,1e-06,283.162037849,182.695908
tyson,100000,2,1,100.0,1e-06,1e-06,196.872199059,95.229965
tyson,100000,4,1,100.0,1e-06,1e-06,159.910456896,56.297058
tyson,100000,8,1,100.0,1e-06,1e-06,140.210604191,37.526146
tyson,100000,16,1,100.0,1e-06,1e-06,133.38629508,30.29118
tyson,100000,32,1,100.0,1e-06,1e-06,150.763015032,42.010712
tyson,100000,64,1,100.0,1e-06,1e-06,137.148489952,34.590855
tyson,100000,1,2,100.0,1e-06,1e-06,265.336735964,161.35965
tyson,100000,2,2,100.0,1e-06,1e-06,191.141398191,88.132439
tyson,100000,4,2,100.0,1e-06,1e-06,155.186617851,52.640572
tyson,100000,8,2,100.0,1e-06,1e-06,138.448323965,35.680443
tyson,100000,16,2,100.0,1e-06,1e-06,132.245712996,29.672453
tyson,100000,32,2,100.0,1e-06,1e-06,146.824021816,43.892841
tyson,100000,64,2,100.0,1e-06,1e-06,138.482389927,34.362011
model,nsims,tpb,mem,pythontime,rtol,atol,mxsteps,t_end,n_steps,deterministic,vol,card,cupSODATime
tyson,10,1,0,0.830444097519,1e-06,1e-06,100,20000,100.0,1,0,K20c,0.326695
tyson,10,2,0,0.749730825424,1e-06,1e-06,100,20000,100.0,1,0,K20c,0.336778
tyson,10,4,0,0.811649799347,1e-06,1e-06,100,20000,100.0,1,0,K20c,0.406377
tyson,10,8,0,0.903143882751,1e-06,1e-06,100,20000,100.0,1,0,K20c,0.493059
tyson,10,1,1,0.716646909714,1e-06,1e-06,100,20000,100.0,1,0,K20c,0.295688
tyson,10,2,1,0.718993186951,1e-06,1e-06,100,20000,100.0,1,0,K20c,0.304897
tyson,10,4,1,0.7833340168,1e-06,1e-06,100,20000,100.0,1,0,K20c,0.3657
tyson,10,8,1,0.870131969452,1e-06,1e-06,100,20000,100.0,1,0,K20c,0.449233
tyson,10,1,2,0.669366121292,1e-06,1e-06,100,20000,100.0,1,0,K20c,0.261317
tyson,10,2,2,0.707352876663,1e-06,1e-06,100,20000,100.0,1,0,K20c,0.278542
tyson,10,4,2,0.756501913071,1e-06,1e-06,100,20000,100.0,1,0,K20c,0.338435
tyson,10,8,2,0.845963001251,1e-06,1e-06,100,20000,100.0,1,0,K20c,0.428765
tyson,100,1,0,0.841362953186,1e-06,1e-06,100,20000,100.0,1,0,K20c,0.324066
tyson,100,2,0,0.858810901642,1e-06,1e-06,100,20000,100.0,1,0,K20c,0.334107
tyson,100,4,0,0.909427165985,1e-06,1e-06,100,20000,100.0,1,0,K20c,0.378385
tyson,100,8,0,1.0105919838,1e-06,1e-06,100,20000,100.0,1,0,K20c,0.482904
tyson,100,16,0,1.16170096397,1e-06,1e-06,100,20000,100.0,1,0,K20c,0.639609
tyson,100,32,0,1.45760297775,1e-06,1e-06,100,20000,100.0,1,0,K20c,0.94547
tyson,100,64,0,1.46764302254,1e-06,1e-06,100,20000,100.0,1,0,K20c,0.9313
tyson,100,1,1,0.830484867096,1e-06,1e-06,100,20000,100.0,1,0,K20c,0.291162
tyson,100,2,1,0.876577138901,1e-06,1e-06,100,20000,100.0,1,0,K20c,0.302048
tyson,100,4,1,0.892929077148,1e-06,1e-06,100,20000,100.0,1,0,K20c,0.341889
tyson,100,8,1,0.978977918625,1e-06,1e-06,100,20000,100.0,1,0,K20c,0.441588
tyson,100,16,1,1.10794591904,1e-06,1e-06,100,20000,100.0,1,0,K20c,0.580585
tyson,100,32,1,1.39156389236,1e-06,1e-06,100,20000,100.0,1,0,K20c,0.856338
tyson,100,64,1,1.38013291359,1e-06,1e-06,100,20000,100.0,1,0,K20c,0.853039
tyson,100,1,2,0.783060073853,1e-06,1e-06,100,20000,100.0,1,0,K20c,0.256667
tyson,100,2,2,0.807130098343,1e-06,1e-06,100,20000,100.0,1,0,K20c,0.275866
tyson,100,4,2,0.841922044754,1e-06,1e-06,100,20000,100.0,1,0,K20c,0.318618
tyson,100,8,2,0.9368019104,1e-06,1e-06,100,20000,100.0,1,0,K20c,0.415359
tyson,100,16,2,1.08684420586,1e-06,1e-06,100,20000,100.0,1,0,K20c,0.558295
tyson,100,32,2,1.37606692314,1e-06,1e-06,100,20000,100.0,1,0,K20c,0.837369
tyson,100,64,2,1.36142706871,1e-06,1e-06,100,20000,100.0,1,0,K20c,0.83593
tyson,1000,1,0,3.77280712128,1e-06,1e-06,100,20000,100.0,1,0,K20c,2.198835
tyson,1000,2,0,2.69557309151,1e-06,1e-06,100,20000,100.0,1,0,K20c,1.296282
tyson,1000,4,0,2.32425189018,1e-06,1e-06,100,20000,100.0,1,0,K20c,0.770214
tyson,1000,8,0,2.11287498474,1e-06,1e-06,100,20000,100.0,1,0,K20c,0.521931
tyson,1000,16,0,2.36536407471,1e-06,1e-06,100,20000,100.0,1,0,K20c,0.722461
tyson,1000,32,0,2.72141003609,1e-06,1e-06,100,20000,100.0,1,0,K20c,1.117573
tyson,1000,64,0,2.72533798218,1e-06,1e-06,100,20000,100.0,1,0,K20c,1.117845
tyson,1000,1,1,3.39625906944,1e-06,1e-06,100,20000,100.0,1,0,K20c,1.976123
tyson,1000,2,1,2.752161026,1e-06,1e-06,100,20000,100.0,1,0,K20c,1.164717
tyson,1000,4,1,2.277094841,1e-06,1e-06,100,20000,100.0,1,0,K20c,0.695779
tyson,1000,8,1,2.06364393234,1e-06,1e-06,100,20000,100.0,1,0,K20c,0.470025
tyson,1000,16,1,2.26052904129,1e-06,1e-06,100,20000,100.0,1,0,K20c,0.654165
tyson,1000,32,1,2.63076090813,1e-06,1e-06,100,20000,100.0,1,0,K20c,1.027057
tyson,1000,64,1,2.66150903702,1e-06,1e-06,100,20000,100.0,1,0,K20c,1.027053
tyson,1000,1,2,3.27626609802,1e-06,1e-06,100,20000,100.0,1,0,K20c,1.750358
tyson,1000,2,2,2.66242003441,1e-06,1e-06,100,20000,100.0,1,0,K20c,1.078005
tyson,1000,4,2,2.24594688416,1e-06,1e-06,100,20000,100.0,1,0,K20c,0.649781
tyson,1000,8,2,2.04467487335,1e-06,1e-06,100,20000,100.0,1,0,K20c,0.446295
tyson,1000,16,2,2.25284600258,1e-06,1e-06,100,20000,100.0,1,0,K20c,0.631114
tyson,1000,32,2,2.62446594238,1e-06,1e-06,100,20000,100.0,1,0,K20c,1.007864
tyson,1000,64,2,2.59459114075,1e-06,1e-06,100,20000,100.0,1,0,K20c,1.007661
tyson,10000,1,0,31.3053190708,1e-06,1e-06,100,20000,100.0,1,0,K20c,20.422798
tyson,10000,2,0,21.4441289902,1e-06,1e-06,100,20000,100.0,1,0,K20c,10.70158
tyson,10000,4,0,17.3580582142,1e-06,1e-06,100,20000,100.0,1,0,K20c,6.481215
tyson,10000,8,0,15.6972830296,1e-06,1e-06,100,20000,100.0,1,0,K20c,4.560088
tyson,10000,16,0,14.608716011,1e-06,1e-06,100,20000,100.0,1,0,K20c,3.848001
tyson,10000,32,0,16.6456599236,1e-06,1e-06,100,20000,100.0,1,0,K20c,5.55884
tyson,10000,64,0,14.5724878311,1e-06,1e-06,100,20000,100.0,1,0,K20c,3.826625
tyson,10000,1,1,29.0287089348,1e-06,1e-06,100,20000,100.0,1,0,K20c,18.390385
tyson,10000,2,1,20.3559670448,1e-06,1e-06,100,20000,100.0,1,0,K20c,9.612417
tyson,10000,4,1,16.646502018,1e-06,1e-06,100,20000,100.0,1,0,K20c,5.85285
tyson,10000,8,1,15.0294070244,1e-06,1e-06,100,20000,100.0,1,0,K20c,4.104562
tyson,10000,16,1,14.3326590061,1e-06,1e-06,100,20000,100.0,1,0,K20c,3.527928
tyson,10000,32,1,15.9211859703,1e-06,1e-06,100,20000,100.0,1,0,K20c,5.147602
tyson,10000,64,1,14.222796917,1e-06,1e-06,100,20000,100.0,1,0,K20c,3.454623
tyson,10000,1,2,27.0955171585,1e-06,1e-06,100,20000,100.0,1,0,K20c,16.240574
tyson,10000,2,2,19.637032032,1e-06,1e-06,100,20000,100.0,1,0,K20c,8.884775
tyson,10000,4,2,16.2187318802,1e-06,1e-06,100,20000,100.0,1,0,K20c,5.482267
tyson,10000,8,2,14.7199699879,1e-06,1e-06,100,20000,100.0,1,0,K20c,3.900175
tyson,10000,16,2,14.0035629272,1e-06,1e-06,100,20000,100.0,1,0,K20c,3.449262
tyson,10000,32,2,15.9485211372,1e-06,1e-06,100,20000,100.0,1,0,K20c,5.128547
tyson,10000,64,2,14.208523035,1e-06,1e-06,100,20000,100.0,1,0,K20c,3.432483
tyson,100000,1,0,306.488099813,1e-06,1e-06,100,20000,100.0,1,0,K20c,203.237274
tyson,100000,2,0,209.227963924,1e-06,1e-06,100,20000,100.0,1,0,K20c,106.041969
tyson,100000,4,0,165.232810974,1e-06,1e-06,100,20000,100.0,1,0,K20c,62.476757
tyson,100000,8,0,145.104565859,1e-06,1e-06,100,20000,100.0,1,0,K20c,41.709606
tyson,100000,16,0,136.527441978,1e-06,1e-06,100,20000,100.0,1,0,K20c,33.07486
tyson,100000,32,0,150.35362792,1e-06,1e-06,100,20000,100.0,1,0,K20c,48.014912
tyson,100000,64,0,140.127910137,1e-06,1e-06,100,20000,100.0,1,0,K20c,38.221504
tyson,100000,1,1,284.763109922,1e-06,1e-06,100,20000,100.0,1,0,K20c,182.610428
tyson,100000,2,1,200.435288906,1e-06,1e-06,100,20000,100.0,1,0,K20c,98.706398
tyson,100000,4,1,156.581253052,1e-06,1e-06,100,20000,100.0,1,0,K20c,56.293556
tyson,100000,8,1,138.554584026,1e-06,1e-06,100,20000,100.0,1,0,K20c,37.52401
tyson,100000,16,1,131.027399063,1e-06,1e-06,100,20000,100.0,1,0,K20c,30.288061
tyson,100000,32,1,142.616030931,1e-06,1e-06,100,20000,100.0,1,0,K20c,42.022713
tyson,100000,64,1,136.029817104,1e-06,1e-06,100,20000,100.0,1,0,K20c,34.611237
tyson,100000,1,2,262.63853693,1e-06,1e-06,100,20000,100.0,1,0,K20c,161.523438
tyson,100000,2,2,187.805685043,1e-06,1e-06,100,20000,100.0,1,0,K20c,87.918625
tyson,100000,4,2,154.310372829,1e-06,1e-06,100,20000,100.0,1,0,K20c,52.602631
tyson,100000,8,2,135.257879972,1e-06,1e-06,100,20000,100.0,1,0,K20c,35.653511
tyson,100000,16,2,129.366295099,1e-06,1e-06,100,20000,100.0,1,0,K20c,29.676685
tyson,100000,32,2,144.256583214,1e-06,1e-06,100,20000,100.0,1,0,K20c,43.915836
tyson,100000,64,2,134.031797886,1e-06,1e-06,100,20000,100.0,1,0,K20c,34.37043
