model,nsims,tpb,mem,pythontime,rtol,atol,mxsteps,t_end,n_steps,deterministic,vol,card
tyson,10,1,0,2.90897583961,1e-06,1e-06,100,20000,100.0,1,0,K20c
tyson,10,2,0,0.361912965775,1e-06,1e-06,100,20000,100.0,1,0,K20c
tyson,10,4,0,0.366716146469,1e-06,1e-06,100,20000,100.0,1,0,K20c
tyson,10,8,0,0.375990152359,1e-06,1e-06,100,20000,100.0,1,0,K20c
tyson,10,1,1,0.342097043991,1e-06,1e-06,100,20000,100.0,1,0,K20c
tyson,10,2,1,0.344077110291,1e-06,1e-06,100,20000,100.0,1,0,K20c
tyson,10,4,1,0.349365949631,1e-06,1e-06,100,20000,100.0,1,0,K20c
tyson,10,8,1,0.355810165405,1e-06,1e-06,100,20000,100.0,1,0,K20c
tyson,10,1,2,0.330801963806,1e-06,1e-06,100,20000,100.0,1,0,K20c
tyson,10,2,2,0.332477092743,1e-06,1e-06,100,20000,100.0,1,0,K20c
tyson,10,4,2,0.337286949158,1e-06,1e-06,100,20000,100.0,1,0,K20c
tyson,10,8,2,0.34495806694,1e-06,1e-06,100,20000,100.0,1,0,K20c
tyson,100,1,0,0.43205499649,1e-06,1e-06,100,20000,100.0,1,0,K20c
tyson,100,2,0,0.423969984055,1e-06,1e-06,100,20000,100.0,1,0,K20c
tyson,100,4,0,0.426869869232,1e-06,1e-06,100,20000,100.0,1,0,K20c
tyson,100,8,0,0.435879230499,1e-06,1e-06,100,20000,100.0,1,0,K20c
tyson,100,16,0,0.450911998749,1e-06,1e-06,100,20000,100.0,1,0,K20c
tyson,100,32,0,0.479601860046,1e-06,1e-06,100,20000,100.0,1,0,K20c
tyson,100,64,0,0.489824056625,1e-06,1e-06,100,20000,100.0,1,0,K20c
tyson,100,1,1,0.413066864014,1e-06,1e-06,100,20000,100.0,1,0,K20c
tyson,100,2,1,0.40490603447,1e-06,1e-06,100,20000,100.0,1,0,K20c
tyson,100,4,1,0.407768011093,1e-06,1e-06,100,20000,100.0,1,0,K20c
tyson,100,8,1,0.413723945618,1e-06,1e-06,100,20000,100.0,1,0,K20c
tyson,100,16,1,0.427972793579,1e-06,1e-06,100,20000,100.0,1,0,K20c
tyson,100,32,1,0.456799983978,1e-06,1e-06,100,20000,100.0,1,0,K20c
tyson,100,64,1,0.463749170303,1e-06,1e-06,100,20000,100.0,1,0,K20c
tyson,100,1,2,0.403403997421,1e-06,1e-06,100,20000,100.0,1,0,K20c
tyson,100,2,2,0.396067142487,1e-06,1e-06,100,20000,100.0,1,0,K20c
tyson,100,4,2,0.399425983429,1e-06,1e-06,100,20000,100.0,1,0,K20c
tyson,100,8,2,0.405045986176,1e-06,1e-06,100,20000,100.0,1,0,K20c
tyson,100,16,2,0.417819023132,1e-06,1e-06,100,20000,100.0,1,0,K20c
tyson,100,32,2,0.444489002228,1e-06,1e-06,100,20000,100.0,1,0,K20c
tyson,100,64,2,0.45313501358,1e-06,1e-06,100,20000,100.0,1,0,K20c
tyson,1000,1,0,3.02995204926,1e-06,1e-06,100,20000,100.0,1,0,K20c
tyson,1000,2,0,1.94769597054,1e-06,1e-06,100,20000,100.0,1,0,K20c
tyson,1000,4,0,1.51397514343,1e-06,1e-06,100,20000,100.0,1,0,K20c
tyson,1000,8,0,1.31739592552,1e-06,1e-06,100,20000,100.0,1,0,K20c
tyson,1000,16,0,1.11255097389,1e-06,1e-06,100,20000,100.0,1,0,K20c
tyson,1000,32,0,1.14354705811,1e-06,1e-06,100,20000,100.0,1,0,K20c
tyson,1000,64,0,1.1647939682,1e-06,1e-06,100,20000,100.0,1,0,K20c
tyson,1000,1,1,2.85453915596,1e-06,1e-06,100,20000,100.0,1,0,K20c
tyson,1000,2,1,1.84345293045,1e-06,1e-06,100,20000,100.0,1,0,K20c
tyson,1000,4,1,1.46046900749,1e-06,1e-06,100,20000,100.0,1,0,K20c
tyson,1000,8,1,1.2692220211,1e-06,1e-06,100,20000,100.0,1,0,K20c
tyson,1000,16,1,1.08573389053,1e-06,1e-06,100,20000,100.0,1,0,K20c
tyson,1000,32,1,1.11374616623,1e-06,1e-06,100,20000,100.0,1,0,K20c
tyson,1000,64,1,1.13205599785,1e-06,1e-06,100,20000,100.0,1,0,K20c
tyson,1000,1,2,2.73328900337,1e-06,1e-06,100,20000,100.0,1,0,K20c
tyson,1000,2,2,1.80538415909,1e-06,1e-06,100,20000,100.0,1,0,K20c
tyson,1000,4,2,1.41672992706,1e-06,1e-06,100,20000,100.0,1,0,K20c
tyson,1000,8,2,1.25436091423,1e-06,1e-06,100,20000,100.0,1,0,K20c
tyson,1000,16,2,1.06581902504,1e-06,1e-06,100,20000,100.0,1,0,K20c
tyson,1000,32,2,1.10847783089,1e-06,1e-06,100,20000,100.0,1,0,K20c
tyson,1000,64,2,1.11771297455,1e-06,1e-06,100,20000,100.0,1,0,K20c
tyson,10000,1,0,28.1301620007,1e-06,1e-06,100,20000,100.0,1,0,K20c
tyson,10000,2,0,17.8168039322,1e-06,1e-06,100,20000,100.0,1,0,K20c
tyson,10000,4,0,12.7188601494,1e-06,1e-06,100,20000,100.0,1,0,K20c
tyson,10000,8,0,10.1347200871,1e-06,1e-06,100,20000,100.0,1,0,K20c
tyson,10000,16,0,9.0229408741,1e-06,1e-06,100,20000,100.0,1,0,K20c
tyson,10000,32,0,8.97010993958,1e-06,1e-06,100,20000,100.0,1,0,K20c
tyson,10000,64,0,9.00675702095,1e-06,1e-06,100,20000,100.0,1,0,K20c
tyson,10000,1,1,26.1434371471,1e-06,1e-06,100,20000,100.0,1,0,K20c
tyson,10000,2,1,16.7413289547,1e-06,1e-06,100,20000,100.0,1,0,K20c
tyson,10000,4,1,12.0958199501,1e-06,1e-06,100,20000,100.0,1,0,K20c
tyson,10000,8,1,9.80847907066,1e-06,1e-06,100,20000,100.0,1,0,K20c
tyson,10000,16,1,8.83955907822,1e-06,1e-06,100,20000,100.0,1,0,K20c
tyson,10000,32,1,8.79236888885,1e-06,1e-06,100,20000,100.0,1,0,K20c
tyson,10000,64,1,8.81377005577,1e-06,1e-06,100,20000,100.0,1,0,K20c
tyson,10000,1,2,25.3181278706,1e-06,1e-06,100,20000,100.0,1,0,K20c
tyson,10000,2,2,16.261879921,1e-06,1e-06,100,20000,100.0,1,0,K20c
tyson,10000,4,2,11.8594620228,1e-06,1e-06,100,20000,100.0,1,0,K20c
tyson,10000,8,2,9.7279548645,1e-06,1e-06,100,20000,100.0,1,0,K20c
tyson,10000,16,2,8.71011781693,1e-06,1e-06,100,20000,100.0,1,0,K20c
tyson,10000,32,2,8.67049312592,1e-06,1e-06,100,20000,100.0,1,0,K20c
tyson,10000,64,2,8.74616003036,1e-06,1e-06,100,20000,100.0,1,0,K20c
tyson,100000,1,0,277.255666971,1e-06,1e-06,100,20000,100.0,1,0,K20c
tyson,100000,2,0,174.607220888,1e-06,1e-06,100,20000,100.0,1,0,K20c
tyson,100000,4,0,122.204014778,1e-06,1e-06,100,20000,100.0,1,0,K20c
tyson,100000,8,0,97.5023078918,1e-06,1e-06,100,20000,100.0,1,0,K20c
tyson,100000,16,0,87.1587297916,1e-06,1e-06,100,20000,100.0,1,0,K20c
tyson,100000,32,0,87.7105078697,1e-06,1e-06,100,20000,100.0,1,0,K20c
tyson,100000,64,0,89.0014560223,1e-06,1e-06,100,20000,100.0,1,0,K20c
tyson,100000,1,1,261.062954903,1e-06,1e-06,100,20000,100.0,1,0,K20c
tyson,100000,2,1,170.608890057,1e-06,1e-06,100,20000,100.0,1,0,K20c
tyson,100000,4,1,118.790721178,1e-06,1e-06,100,20000,100.0,1,0,K20c
tyson,100000,8,1,95.800360918,1e-06,1e-06,100,20000,100.0,1,0,K20c
tyson,100000,16,1,85.957859993,1e-06,1e-06,100,20000,100.0,1,0,K20c
tyson,100000,32,1,87.3170650005,1e-06,1e-06,100,20000,100.0,1,0,K20c
tyson,100000,64,1,87.5047869682,1e-06,1e-06,100,20000,100.0,1,0,K20c
tyson,100000,1,2,250.833546877,1e-06,1e-06,100,20000,100.0,1,0,K20c
tyson,100000,2,2,160.741214037,1e-06,1e-06,100,20000,100.0,1,0,K20c
tyson,100000,4,2,116.168439865,1e-06,1e-06,100,20000,100.0,1,0,K20c
tyson,100000,8,2,93.9932179451,1e-06,1e-06,100,20000,100.0,1,0,K20c
tyson,100000,16,2,85.4528429508,1e-06,1e-06,100,20000,100.0,1,0,K20c
tyson,100000,32,2,91.7126231194,1e-06,1e-06,100,20000,100.0,1,0,K20c
tyson,100000,64,2,87.2654211521,1e-06,1e-06,100,20000,100.0,1,0,K20c
