EARM cpu, sim = 21000 , time = 1517.37824202 sec
GPU,991.696359873

RAS cpu, sim = 22000 , time = 1229.05258203 sec


1124.7915150000001, 6022.1412900000005, 20.457305, 4.893033, 4893.012581, 20.457305, 1103.778371, 0.555839
1407.422692, 6022.14129, 41.217186, 4.610739, 4610.697742, 41.217186, 1365.615623, 0.589883


100.000000	4893.012581	0.555839	1103.778371	4.893033	20.457305
100.000000	4893.012581	0.555839	1103.778371	4.893033	20.457305
100.000000	4610.697742	0.589883	1365.615623	4.610739	41.217186